9 115
10 3 12 14 21 22 33 36 41 42 46 48 56 58 64 66 68 71 87 88 104
9 3 17 19 34 35 43 44 57 60 69 72 86 87 100 101 102 104 111
10 2 12 13 19 22 32 34 43 46 48 49 62 64 71 74 81 82 87 88 101
10 2 9 10 15 16 25 28 38 39 49 51 61 64 68 70 72 73 77 78 87
10 1 17 19 27 30 32 35 37 39 53 55 61 63 79 82 85 87 101 102 113
10 1 11 13 21 22 35 38 46 49 61 62 74 76 86 89 91 94 97 100 107
10 1 9 11 13 16 21 22 37 38 53 56 62 64 72 74 90 92 95 98 100
10 2 14 16 21 23 28 29 38 40 52 53 57 60 72 74 75 76 80 83 92
10 2 13 15 26 28 34 37 47 49 51 52 64 67 76 77 79 81 95 98 109
