10 97
9 2 11 14 15 18 31 34 42 43 55 57 60 62 63 64 74 76 89
10 3 15 16 28 31 34 35 42 43 46 47 55 56 57 59 62 64 73 75 79
9 3 15 17 25 28 36 37 45 46 48 50 58 60 64 65 76 79 89
10 2 11 12 14 16 29 32 33 35 45 46 55 56 66 69 82 83 86 88 91
10 1 4 7 9 11 13 15 24 27 28 29 37 39 47 48 49 50 60 62 65
10 1 3 6 9 11 23 24 30 31 35 38 46 49 55 56 65 67 70 71 73
10 3 4 7 9 11 13 15 28 29 40 41 44 45 50 52 58 60 73 75 83
10 1 6 9 20 21 34 35 36 39 43 45 52 53 56 58 63 64 66 68 81
10 3 8 11 16 19 22 25 35 37 46 49 56 57 59 60 72 74 83 85 92
9 2 9 11 15 17 27 30 42 45 58 61 66 69 79 81 82 84 96
