50 10 2400
7079 0
7165 0
7238 8
7304 18
7378 33
7433 49
7504 72
7553 93
7606 119
7664 153
7723 191
7776 231
7810 262
7851 301
7897 348
7932 391
7964 432
7997 481
8036 539
8064 582
8088 626
8107 663
8128 707
8157 773
8179 833
8196 896
8205 950
8210 992
8216 1068
8215 1112
8209 1182
8197 1244
8181 1317
8162 1391
8143 1442
8124 1484
8101 1532
8073 1588
8049 1629
8011 1693
7970 1748
7943 1781
7899 1824
7865 1856
7814 1895
7781 1917
7715 1959
7650 1992
7611 2009
7548 2028
15 27 1
13 19 2
44 8 4
50 25 8
40 15 16
30 5 32
16 36 64
22 48 128
37 25 256
4 39 512
