50 10 4682
5563 0
5640 0
5860 47
6033 92
6240 153
6395 201
6469 224
6680 304
6816 365
6986 446
7189 562
7277 625
7311 655
7443 801
7591 972
7632 1029
7711 1158
7768 1274
7798 1338
7861 1553
7879 1631
7898 1752
7905 1806
7920 2015
7918 2188
7909 2237
7887 2344
7825 2492
7759 2636
7691 2730
7603 2834
7518 2902
7331 3049
7231 3102
7026 3187
6803 3241
6661 3246
6478 3250
6336 3238
6136 3190
6061 3163
6002 3135
5878 3068
5740 2979
5687 2931
5585 2836
5525 2773
5453 2693
5375 2591
5339 2514
1 26 100000000
26 39 100000000
26 13 100000000
13 7 100000000
13 19 100000000
39 33 100000000
39 45 100000000
45 42 100000000
33 36 100000000
7 10 100000000
