50 10 4299
3393 0
3438 0
3502 15
3694 106
3841 212
3919 284
4042 405
4127 494
4188 567
4311 716
4433 886
4514 1011
4629 1200
4693 1374
4716 1564
4720 1616
4726 1746
4698 1921
4659 2033
4585 2170
4479 2353
4405 2441
4278 2535
4091 2617
3890 2668
3674 2684
3453 2689
3281 2682
3052 2652
2966 2633
2908 2606
2744 2524
2611 2457
2541 2416
2450 2341
2338 2226
2295 2181
2185 2037
2067 1845
2030 1758
1970 1607
1899 1404
1826 1186
1796 1027
1801 891
1821 680
1860 465
1915 327
2001 116
2073 6
4 30 3124
6 32 1342
8 35 4123
11 37 2413
13 38 1432
17 42 2314
19 44 3142
21 46 3214
23 48 2341
25 50 4321
