200 200
11011001111101000000100010110100011100101100001001001000001100001100010001101100100010111010010011110101011001101001001110100100000001001010111101010110110111100101110011100101110011111011101110100111
00100110010100010001110001110101110011110010000100101001000111001100100000001100010111001000011011011001111000110110111010101110100011010000110000110011100101010110110001010100100001101100110001010101
11000100110011110111110111111001110010011010000011101111101110000100000000010000010011110010000000010100110000101100010001011000011100000000101101010000110001101100011111010100000000001010110100111100
10000011111111101111011000101111000101101110010110011110000000111001011000000100111110111110110010101011110101000110111110011000101011010111001111101011010110011010101111011011001101011101000100011010
00101100100111010010010100001111001011000110110100101000101010011111110001100111110100011001100111011000100111111000101101111011011010000001000111001110001100010111000111010011100110000101000110111101
01111000011111110010110001010001101011011100001100001000011011000110100000010111110000000011011011011001011011101101101010110101010111110001001000010110110101011000111000000010100001001110010001011001
11111011100100110110001011101110110001001100101100000001010010001010010001101100001101010001101101001101110000001001110001001011010011110110001110101100000110001100001101110111110001111010001001010000
10111110010011110000001110001101100100111001011100010000111110001001111011010000001011100111000001110001101101010000011010111110111100101101101000110010001110011000100000100001000101111101010001010000
10100111000100111000001101101011000110111100100010000110101000010011010111000110010110000100000100110011011101010011011100111011010011100101010110010110010001010101101111110001110111100000111110101100
11101000110100100011000100011001011100010000101110110000100001100010001101110000100001100101110010100011001101011100010000000110001001000101100011101101001010011011101101000110001001111010000100001100
00110011111111001011011100010000011011000101011111101010110101111100011101111000011001101010001011100001011010010111101110000011101101011101011001011100010001001011101001111000010110111010001111110110
11111110110011101100110011000100101101000110111110111001001001110000011000110100010001010111101001011110101000001101100100100110010011100010010111110010011101001110111011011010110100100110011101111101
10100010000110111001001010110100100101111000100000000001100101110001011000101111111100111100000000011001101010000110001100001111101110110010101101111110111110111001000100010101101100010101000100010001
10110100100000000111100001000001011100110010000110101101010011111110011000101111011000100001100101110101000011010111110100111000111000010001110000011001011011101000000000101010110111101011111001001000
11100001101011000010010100001011010011001100100111001101001110011111110010100100110101100110000000111101000010010111111010011110101111110001010110000000001101000101001010000010100010100101101010100011
01011110100101110011111110001010010101110110011111100111011011101100000111101011110101101111100110100000101000100100101101101110000110101110100100110000110101000001001011110101100000100011010011101000
01111010110001000100010110101001110001001011111010011001101011111011010100100110001100110000111111110011000100100000000001110111011011100111111011011101011000110100111011001111011111110111010111000011
11110001000000000001001000111010011010100111001000101111110101001011110100110110010000101110100010001101011001111010101110000000010000000101001000001100000100011111000000000111011101110110000000001110
11100110001000111101100010011010101111101111100101101010011011001111001001001011111100000110011001110111001011100011010100111110110001111101110111111001000101101110100011011001010100001101010000001100
11001001111001001100001111100100110011011110011101100000010000000010110110000110111101110010110010100110111011110010101001001001011110110111011110100100000000110101001110011101110111011100001100011010
10010101110000010101011001101110100000111100110010111000000111010000011000111101000011010001000010101111110110000010001100001011101100100000001100011111001110010101001100101100110001101110100101000111
01111010101111100100010111101010000101100000001100110100110001101110011101100101111011100110101111100001000110000101000010100010110000110101101000110010010101111001000110001100000001000100101100000110
00101000111100110101101001110001110011100101110111101100011111110000100100110000011111000111100110011000100110111110010000110111000110110110111110100110100010111111100011011110000101000101000100110000
10100100111000010011100110001011010010111011010011100000101000010110001000000111011000011100111001100101110100100001101100101110000001011100100001000111101101000100101110010101000101000110010010011100
11010010100010100100000101001000110101000010110101110111010111011100110010100000111001001110010100010000000001001111001111100001000000111010001001110010111011000101110011001111001101010011000010001110
11011011111101101010011100010111100001111001100000000100101011110100101111010000110001101001110011010100000011001010101101000111010000101111111101110000011110011001111001010000111101100110110100111101
11010011011110101101011011101001111011101000111100101011111001010101110010101111101100101000111001001110101010100100000001111100000011000011000111010010100011111111001111101010010001111011001101101100
01101000100011011111101100111001100111101100010100010110110111000111100100000111100010101001111000000111100110011000010001111010010100000010100101011110101100010000110011100101111010100010010001000001
11110010111100111100001101111010101010010111101000100011011101101101101110100110111001110110010100100001110000110100010010100001110011100111000010000111110101111001011110001001110100111001100110110001
11011110100001011101001110000111101001111011001010001110111001111001001100110101111110010111100101111000100000101011011010100001111001111011100100111001100111010001111111001011000010011101101101000101
10100000000111111011111001100100111011111011011110111110110110001000100111100001010100011100011011101000011000100101001110000101101000000111110001000101001100101000101010011010010000101100111110111010
10100001110011101101100110011001000011111100100101011100111101010001011000101111101111110001011001000001111001010011100010110000111000001011111010001100010001010111111001101000010001100100010000111000
00011010001011000010111010110000111010000001100111011011011110101011110101101111011111010110010001111011111001111000100001000000100100110000000000011110101111010111111000101110001101111110110011011100
00100101100111011001010000000011111010111110001100001010010000111011111011111101101011110111111100110000100101011100010100010011101100011010101011011100101010111110001011101011111101110100111001110111
10001110001010010010111010111000010101001101001001010100100110110101011011100001110101111011010100100011110100101010110001001001100001111011010100000011111100110001011111100010010100110100100001110000
11000101000110101010110110110100110110100101101010111000111000001101011100101011001100111000110111110111010001011001010101001011100000010101000111100000101111011011010000110111101000011111001100001001
01110010011101100100001101100000110101111000010100111000011010010001000111010010110101001001101110110010111110011011111000011110001010110100100110000110110110110111001001001110101110010111100011011011
11111101100101011011000110001111101110110110011010111010001000010010001011011100010011110010000100000100101110011101011000010101110101101010000100000100010110011111110111010111010010001001000100110010
01111110010001101011111110000011011000001011101001111110100000100011110001101100011011110101010010001111111001110100100011011011011110100011111111000100111110011011101001011011010100011001101000100000
11101100110110001001010111010110011111000111001110110011111000010011110101100000011010101001110000001111011001110110100101000001100101111111011100110000101000111001010110110001011101110100000011010110
01100110010000100110000100001011100011011110011100011100111101000101101010011001000010100110000110101011110000000110010101011101001110011010001100001011100110011001101100110100111000010110101000000010
10111110010011111000111100010000000111100100011011001111100110000111000010111110001110111110100010011110001100101010011000011011000100001100011000011101111111111011101010000001101110010110011010010010
00101001101001101100110010101101100110111101101101110111010011101000110100100101001011111100100100000001000001011010100010100101010111000010010011111101001011111010010110110100110110110100001100011001
00111101100001011000100100010011110111011000010101011110101100111100100011110100010010111010010000001011100011100010111110011000000110010000000000000110110111010001100100001101010001111100100101100110
00011111011111100000000000010001001110100011101111011110101010101110010101001010000110111111001010001110101100100000010011001001101010111000110011001001110101011111001100011111001001101010101011100100
00100000010000001110111000011010000001110011101100100110111101111000111000010110110111100000011101000100000100101111001111011010001111000110101101101100011110110011111000010111011001110001110011110111
11001000011111001011011001110110010011101110001011101100101100000101000000001101110111110010111111000101011010000101000101000001000001101010100000100110101001111110011101011000110011000101100001110010
00100111000101101000001001001001111010110101111101100100001100111001000011111111111110001100110101000010100001010110110100111100110101101000100100011000110000101000011011000100110001100110001010001000
01001101011101000110000110110110110110111011010100000001000011101001101000000010110010111111000100010111110101101111011101000111111110100010010001101111001110000001001001010011110011000000011101000011
01111011001010111001010110111011101011011001110111011100111001001001101101001100100111101000100011001100101000110000001011001000111111100001100100111101000010001011100111000010100100111100000000100011
01011011000110001111001110000100111100000111011001101010000001101111000110100001001001000110111011011010101000000010001111100001010010110101010101010001000111011000010110111101110000000111110001010011
01010110111011100001000100100001100101011011011001100001001111010011110111011111101001011001000100101100100110111100100110101000011110110010001101110011011000011001111100111100100011110110110101101100
00110110100111010011110110100110110010010101111100110110111011100010001000110001000111100101110011111011100001010011001100010011111011000101011010010100100100111010010110111111010001100001010001001001
00111101111000110011011111000100010101001001111111111001110010111001001000100101001111111111100100110010111000011001101111110000110101001101000001001101001100100110011011100110110110100010101111011001
11011101110010011110001111110101111001100100000110001111000110000100011000101011111001000010110111101010010111010011011001101011001000001110010111001111101111100110110101100100011101101110111010010111
10010110101100001100110111101001110011010010011011001011001111110011001001010110100101110001010001010100001100010110010000111111000111111110011010000111101100000101110000011011000011010111111101101101
11001111001101111111101000010111100001100010100101011001010011011010001101001000010011011000110110101000000011001110111100110100001010110111011111001000001111111000001101010110110100101000000000111010
11011010101100001100101110001010110010010000100110101101101000111110011010110000000101010110000000000011111111001000010001010000110000100110100011100110010110000111010111111001001000100011100111101111
10011110011111101000011010110011110100110100100010001001001011111110100111100001000110100111010000000110010111110111000100101111111011110001011111011010101101011111110100011110000101110001010111111001
00000111100010010110111100111110101000001110111100011100101010001010111010111001111000101010100101011011111000100011011100001111000100000111101110100011110111101110100011011110101010000111110010010011
01010111010000001010101101010111000001100010101111111000111111100100100110001100010011000001101100111011111011100011100001011000110011101000000011111100010010001001100110100100100011101010000001010010
11110010110010110000110000101011010000101110010110110111001111100111110110011010110110010000001001000001110110000110101110111110101010110101100111000000101011001110011110010000110101100000000001001100
00101110100001011010110110101011100000101010110001100001101001011100000111110001001011010001000110010011110010101111010100011000010000110000100110100000111011000001100010110010110110000010110110000011
01001011101110010000011110000000000000010010100001011000111101010010010000001111010100111010000000010011101001100101101000101000000110011111010110000011101111011111101100110110010010101001010111000010
00000100011110011110100000111010100001010011100111001111111001001101111101010000101111000000000011001001001001000000101000110100101100010111111011110000101100001010001101101100110100101100000001110111
11111100100111010010111110110111010100000000100010000001110001011010100011000101010011000010000101010101111110011111110011011101100000111100110100100000101011110111110111101001101000101011101001100110
00000100001010100100111101100101101110010010111101101001100111110000111110010010000110111101100111101000100111010110010101110111101110110001110100100111100110111001111011011100001010010110011001000011
11110100101000010110100101101001101001101011101001010111100010100001000011010101111010000111010111000001101011001000001010001000111010010100101110011100110000101011001011001110001101101111011110010001
11010000110110111101111100011001101011011000101011001010110101110110001010001110010101110000000001010110100010000101001010000001011101011011010111100010011101001011011101111000011101010010010011110110
11010111100100000011101011000101010010111000011100110010011100110111000101111011001100010101011001101100001111101010100001111001010010011100101010111001001010111101010000010001010000010000001001110001
01000001111001111001000100010001010111010010110101000000110011010100110001010001101001001101010110011010100011111111111010010010100001010011101100110010011010111000110010010011111001100100011111100110
00010110001110111001010011011001101110001011000011011110110110100010011010011101010000011101010100101010011111100010110010110101001101011110100011000111000011111111010101010100101011101110000100000010
10010001000011000011011001000101101111110001010101101001100011000110101101001110010111011111110011001100110011100101101011011111010101101111100001101010001101101010101000011110111010001111001011000001
01101111110111110111100011111010001101110111101111100000111100101001000000001101000000011100110100111010000000110010000101100001100011110101111100110100101100011101000110110101001000111011000011000001
10100100000101001000100000100011111000001101100101110111001011110011101011010010010011111011011101001000011000010011000001100100001011101110100101110000100000101011011101010001100001100101000111011101
00000011101110100101000011011010111100001010111110010000000100000000100110111110010011001100001001111110010111101001001001100011101000111100110010000110100001011001101001111101000100000101010110101111
11111101111011010001011011111111011101110001010111110011000011111111101000111100011101110010111010010100010100110100001101100100110011000101101000110111010111001011100010011010111000110010100010100110
10011000110111110100011110110010010101001011111000100110001011001000010000010110111010010100111010100111100011111010011111101000001010001110010101010100010110110001110101111101100010010000001010011111
00111000100000111011010110001100101101010111110001011100110110001111110001100001111001010001000101001100111011100010100001011110110110011101011010001110101101010010110010010011001011111100011101010001
00011100110110110010001111100101010000011010101001110110110111010011001011010011100001101100001100001010111111001011000111101110011011011110001000010110100010000101101000010010111001010110100011010101
10010111011110111011001110000110100100000000011100101100001101010000101111111011110011101111101000100101011000110000100100000000101111010101101001101101110101101100100010100100001101101101001100010110
11101011011111011111011011000001111100000111110001111001101011011101000101100011111100000111001001010001110100110011111100101000001100110011110110110100100010011011001100001001001101001101100000011110
11011110011111111010100010101100011000110111111000101000101000010011101000011100100011111111000000110011100101000000100101010101011011111000100011010010001111101111001100001001001001010001101100000111
01100110111101000001111101110110111100010010000001100111111011010110111001111001111100111111000100001110000010010010100011011000100011111011001111000010110100110000100110110000110100100111100101111110
11010011001001100010101101100101010011101100010100001111010100010010100010110110101100011110001011110111001101111111101110001100110100101011011000001101100101001001110101011010010001101010011000011011
01101001000000100111010111000110101110110011110001011010110111111101001010100000100110010000010111111110110001100001001000001000100011100110100101000111101001110101001001111111100100100011000010100101
01100010100110011100111011110101010010001011010110001111100000001001000000010000001111101111011110010101101001010011100001111111000110100110100010101111100001100001011011011101001100010111011011011010
10101010011010000111111101110100101111001010011010011010000101111111010011001000111001100011001111110000000101011011000101100101000111100010111110110000101001010000000110001101100101011001111101000111
10000000001001110101001011111100010010100111111101110011011001101011001101000011010110001110000101001101111101001110011101100000101110000100011101100111110001110011000101110011010100100111111001011000
11101001001010101100000111010110111100010111010101111110010010010001001111111001100010101100110000000000110111001000000110010010010011110100000000110111001001001001011000000000010011010001011001111011
00010101100000001100111011010110000101110111100110010110001010101010010011011010011110100111100101100010110001001101010100100000000100001001100001010101001110010100101110001101001101100101001011001101
00110100011001101101110010000001100110010001111001100111100000100001001010000111101110100110011100001010100001001001101100100100011101011011001001101110110000001110110111001011100011010011111000011000
10100000011100011101100001010001001011001100011000000100001001101010000110111000000101000001011001100111100111110000110100110000100111010101100101000100011000000001100111111101010100000100000100101001
01100010000101100100011001100000111001101101111111010000100100001001011000000110110101110110100011100000001010011111000011101101101111010111001101110001010001010100000001101011011110100010000001111000
00100101000100111011001000110101111011101111001110011101101011101100101010110100000111000110101001101010000010000001101000000100011110111111001110100001011011100110101110111000110101100111010101011000
10001010000001100000010011111001000001001010001100001110010001110100111101110110101110010001001000111101111110111100011010001110101011010110100101010001111010110101100110100001001101010010000001110001
00100011110100001010111000111010101100101100100101001010011000011111000010101100001011000001000111110100101110100011100110100110110011101001011111011110000100010010011111100111110100010111101001100100
01011100001100100010011011000110110010111011011000010010100010011000100110010100001101100001111000111111101111000001011001000101101000110000010000011001001110110010100100001010000111000110110111110111
11100011111001110101001111000111101110111111111001011110001101110000011010111111111000011000001100101011011101100100111110111101111010001110110001111001101001101001001011101001011110011110001101011011
01100110101011001101100001110010001001101011010111111000011000101100010010110010011101011111000000110010111111000100010111110001110110001010000000110111001110110111010011000000011101000111011110010110
11101100000100011000011000010110001100001111100110000001101101101000010101000001110101011100111110000110110001101011001011000010011010000001111111000111011010001011000100100100000101101001111001101001
00101000010100101001101000010101100000111100101111101010010100111110011100100011101110100100011011011010011101111100011101111101100011000100111111110011011001011100100110000100111100101010111010111010
01100011110100010100010111000111111111100011101110010010010100100010110000000110011100111101000111101110000111000001100111110110011110000111011111111100000001110011111101000101010101100001001110111001
00011110010010110001100110001100011001111000001000011000011010010101010111001100011000100010100001100000011000000111000010010001110011001001011011010110101101001110110101010101100110001111111011110000
01001010000111001111010011111111011110000100100010111010100101010101001000011010001101100110000100110010010110001011011111011100000011000110000010100110000111110010010100110110101010000111111010001001
10001100001011000000111010010110000111110100100111100111101011111111101111010111100001011111000011100111100110000000110010000011110000111000010110101110110111011110111100100010111110110110010111110111
10011011100011101111111000110110110001101101110100011001110011011111001111000001111011010111000100110000000100011000000011001101010111001100101011100101011100010101111111110111000011110010100000001110
10011100101101000000010111110010110000100100111011111100100001010010101111101001100110011001010101011001101101010110100100100010011000100101011011010001010011111111100111100101011000001001011101011111
10000001011001010101010001101110000101101001001101111001101001011000100011111001001101101000101010100000000000101101001111000011110011001101110111011100111101000010011111100011111010101010001101110010
10110101010101011100011101011000101110011111111110100101101011001110010001100111011101011011111100101000100010111011100000111100100101101111000010011111011011010100101010011000101000011011110011101100
00111111110110100101101110001101010110100100001100010001100100110100110100101111111000001100011000111011111010100010010101010101101111101001101010001111001010010000011110111101000011011111001110111001
11001001000001101000000100010110111111001110111011100110110011100100111001001100000100000011001100001111010111010010001100100000100110000101111000100110100100001001110011011111011011001100110010100101
11010101011001001011111101110011100101101010100100100010100110101110101010001010111000000011010111100101001100110001001100100111011111001010101001111110111100111011100011001111100001101000010001011010
11000101101010010001101011010011110100011000100111110011111011100101101011000011011010010100001000011011100110101100010000010100001101001101011110001010110100110110000000110110011011000101011100110000
11000110101110000111010101110110100011100010101000100011101000100000101010100111011110101011000100101100011101000000011101001100011100110011101000110010001001111000011100101111101101001000001110101101
00011100000101110000111011001110100010011010111110001100001111111111100010011000110001110110101000010010110001101011001101101010010011111100100011100011100101011101100000100111010100000011111001010101
11011001101001010000110001100101000101101101110000000010110100110101000101110010111000001110101011100100011111001110001100000011111001000000000100100100001011110111101110000000101100110011010000011001
01001010101101111100010110001110000100111100110010010001000100000110001110101000100001111011011000111110110011110001011000011010111010111000111100000100001011110100011001111010111001001101110000101000
11101010101101111110111001011111101001100011010101100111110110010011110010101111010110011001100010001100010100000101101101010001010001110001011100111100000101110000010000001101010101001011101100001001
11011101101110000110101100100000110010010110111000101001010001010100110011010000001001100000000101111100111010000010100100110010111010011111010110110100011010110100010001111000011100100011111001001000
11001101011001100101111011111100010111001001111101110011011000111001001101001000010010011010001111000001000011111101111010011000100010010101010001011011110001011011001100100101110110101010010001001110
00100001011011001011101111101101011001111001101010010010010100011000101010101001001101011110000011011011001000010101101011100110011000011011110000000010100110001110100101101011000101100011101000001011
00100000100111111111011011111010011010011010011111101101001111000000001101111111001100101000010010011011010001110101010000010011101100101110110101000001110011001001110101101010111001101111100111001001
10111101110110100010110010110010101001001000011101011000110101010100000111010101000100110101100101011001010011100100010101000011010100010000111001100111101010100001011010111000000001101110010001000001
00111011011011000010110101111111110010011000101101011111011111110011101011111001010000100110110011010001000001101000010011010100100100010100110000011111100101001110101110100001001101100101010000100101
01101111111010111000000010011011100101001011001010011111011001101111001100010011000011011101100101111111100111010110010010000010110100001110110001010000111101001110000100111010001000101111000001011001
00110110000010000111110011110111111011100010000100100001011110001001110000110100100000100001111011001010001101001011000101011111001100110110010000101011110101011101111101110011110101011100101110101000
11010010100000111100110100001100100101100110100100000110001000010111010010011101011010011110100001010010000000001110001001010001000011100010111100100111011010101001111101001100100110110001111110111001
00001100010100110101100101101101011111010110101010010110000011111100100000000010110000011100110000111110001110000110001011011010100110011001011100101000100000101110011111110110100111000000001001011011
10011001001010110010000000101100001111000010100011100001100000111011100001001111011010010111111011000101111010010100001111010011111110101011001101001111110001100011111111100000100011010101100011100100
10101101001101011011111100010010101010110000101110110100110000100100111101010111001100100101110111111001001011100110001011001001110111010100100111010011101010110010001000001111101111010000001000101010
11011010000010101001011011010001010000110100001110001011101111111001000011010100000000000010001000111111010011100010011101100010101110110111010011100010110010001001100011111000010101100000101001011001
10101100101110101001001001000100101011101000111000101101110110010111000101110110011001101111111100010011010111101100111111011000111101111001010001000011000011000111100011110101010101001111101011001111
01000000110111110001100010100110101101001001100100101111010010111111010100001000000001111010001111001101011100001001010000010001010000001000110011001100000001000001111001001100010000100011011100001010
00011100000111001001110011101010011110011100010010101001111000110110011110010010001011100100100011101101000100001010101111111111111110110001011010100010110000011110111111011001100010011001111000011011
00001010101010101110001100100011001000010001110111101010100100110110001111101110110001101011100011010001010100100011000111010101111111111010000101011000001010110000000101001110100000111000100110000110
11000001010010001001100111111100100111010011010111111101001111010111000000101011101110110000100100010000001111111110010000011011010000011010100101001011011001001001110110010111010011010111101111000010
11101111010011111100010010100001000001011010011000100010010111111110111101101110001111010011101001111011011010111011101000110000010011100100111111010001101011001010010010011000110000110011111101100011
01111001011001111101011001111000110000110101111010011100110110110100101111001111110100111101001000101100000011100101101111011110101001010001010011000110010111011011101101111101010101111110110001111001
00110110001110010010001000000111011011010100001101111011111011010100001001111100001101110111001011000001101101011011010111010000100110010010110111001110110001011000001110000100001011110110001100110011
00100110011000100001011010100011101111111101101101000011101101100000101111100100010100011100110101100000101010111011110010000100011110111100111110011110011101110101101111010001000000001000110011010111
11000001010010111101100000111010010001010000111110110110101001100010110011111101110110100001010000110101010100110001010011100011010000111001000111110100000000010010101111001001000001001001010000011111
00110011010010000010010010101011100100001100001110111010001110111001101010000011110111011000110000001110010011011111101011010001111001111011100100111100101000000001010000111101001101111111010110010100
10010110001110001111010000011011111011001011010110110110110111110100011100001001111101000100101001110100000010011010000111100111111011010001011011111010100000010100000010100000001010000010000001101010
00001010000111010010001000011000010000110001000000111000000100100001110100000011010100100111001111111110100000101110110101101111111000100011110011100100001010101010100010111001011001000111100110110010
01010010011111101010011010110011110011111100110011011111001001000100001000010000011110011111111101001011101010110110000100110100001000011011110100001011110111110111101110001101111011001000000101011101
01100111010001100000011111111111110110001001111010101011110110010111000101101100011101110000001101011101010000100110010110100101111111010000010000111101110001001100011101111111110111110011000011110111
00111100101010001101010111011110001011010100010001011001001111110001111101111010011110110110101001100110001110011010010101010100101010001111101110011111000000000001011101001100011111111101101011111100
10010100010010010111101000000101100110110100001011001101100100001010111101101010110111101010000100111111000100111111010001110001011101110110100011010110011000111001101110000101100100100110101100001011
10111110110111010100110000000011100001101100101011011000101111010001000110101100111101000011001101101011111100010001010000111011110110011001101001010111001101000101011010011101001110111110001100010111
00010001010001101000000010110100100100110000001010110101001000011100111000000001110100101001000011010110100110111111100010010111110100110111111111101001000110111111000001001111011101111010100000011100
00101100011111011000010001001000110110101101000000001111011100110101000100110101011011001111011011110111101110000111110101111011111000001001000000011011100100111110111010000000100110101011111111111111
01110101101111011011101111000100010111110110010101011010011100011011010000001101111010011000000101011100111010000101000100000101001110111101010101100000010011001101111011110000101100110111100100101110
11001001111111110101111010100000011010000111000010010001010010100011000101111010011011100000010111010001100011000010110001011000000001001001001011000011100001001110010110011010010100111101101110011000
01010110001111101100111111111100010101101010001100010100111101001101101011011101110011100110111100001000011101010011001000110001100100111011100011110101011110001011111000111111000110101110010101111010
11111111000001110010101000110111000010101111111100100111101001001000011001001011100100010100011101000110000001001000110111101101111101010001001001101111101110101111101110111011111001000111010101111010
11011011010110001001001101011100100100011000110011011111000110011101010110111010110011000110111011001111000001100000000101000001001001010100101101001101110000100010011100001100001101010100000100000000
00110110010010100001010110010111110001100011011101001101110001010010011111110011110101011100010111100000011011100101110001001100100000111000110011100110011000111010010001101011100011010101100000100111
01100011011001001001011010010000100000110010101110100111101111110000011100101110111100100110001010110100000010011100110100010001010011110011010110001000110010111001110101111011000110111111011111001001
01011011110110000100011010111001101001111110100110000101100011101001001011111010011111101000010011001101001010011010000011000111010100101100111010110100011011001001010011111010111100000010001101101011
01110110110001100010011110111101100101110011010101111001000110100010001010010111101010001001101011100011010110110111010010101010110001111011010010001010001011111011001011010101100001010100111000001110
01000011011101000010110100001111000010010110111010101100011101110100010100110001111011111011110010001000111111100111000100010011110100101010001010001101011100010011001000111111010010111010100011101110
10101111001101101011110010010111100110011110100011011111000000111100000111011101000000001011110011111011101101010110011011010001000000100111001110010100111010111101011000110011011000101001001011100011
01100001101101010011011010001101111011010111101011010000110011011100011001010000101001011110001010001001010001000001010000101011110001111010100001011100111011110111001100111000011111011001010011010011
11101000111111000011111000101001011100011100101100011001010111011111111111110101001000101001100100100001000101100010000011001011110001111101111011010010010111001000101001111001001110000100011000100011
00000100100000001000101001111001101000101101011001100000110101101110101011010100000010101110001111101111110101101001001011001100001010011010010001110000010111000101011000100001011111000010011000011010
01110000011111000001000100101011101000110111001110100010111000101010010110011000111000010000000110000101111111111001101011100111011011110000001011011101100010000111010011011110010001000011011010101100
00011100111001000010111001111110101100010010000101111010110011010001001000010010001100011101111000111001100010110101001000001110100010110010101100110100110001110111110111010000101011100010110011100100
00010010011110010111111010110010110001111011101000100111011110100001101011111101110100010111101010001110110011000111110100010110000000011010100100001011001010100010100110101101001000101000100000001001
10101110101100001100101000101001000101101011100001011101111001100100110111101011111011110101011101110100100110110010011000101011100010101101001101000110101100111011110011100100111000010111100010100001
01010111111001011001111111100011111111011111111110100001011010000110011010000001100000110010101101111001101101000110111001011000100101110001010000001101000000010111111011001000100100100011100010101011
11111100010100001101111010110010111010101100011110011111100100100001110100011011111000000001010000001110010000100001000101101011110100111110110100011101000101100111111111101010000011001110001111101111
00001011010111000010011100011111100101001011011100011101001010011101001010000010001011100001011100100011111010111110100010100010100110001111001010100001001000010011010110110001011010110111011001110101
00111001111110010001011101111111010000100001001001001010010101011110111000011110100000001011100101011101111000111000010001100111110000000101010011000110111110001110110100111100100001010010011000101000
01011011011011010001110111011101101101010000111000101000001000100111000011110110111011101110111111101101000010010000000011111011011000000010110100110101101101100010010010111110011100111011111110001001
11110111111111101111100001010011111110101110000100111101000000010111101111100110011010001000011101011111001010011000011110000011111101010111110001000011010101000110100101100111001101010000100001110010
01000101100010100001001101110000000010110100110100111111001000011110100000100110101001110000101011000101011001001011000101011101110001010100110010100011101000011111010110100101000011010110111101100100
10111110001010110010101001110101110011100010010000101111000001010001111100000010001011010010100011000101111111110001011000000010001110011110111100000110101111111101011101010000010111001010100110110011
01011000101110101111000100001001000110000001000110111001100100000010100000010111010000000101101010011001001110001010011010010011000011001100100110000110011010010011111000111011110001000111101110111110
00111111100001010111010100010001100101011011101011010111101100111001100100101110001001100110101101111010010010100101110000111111001111011111010010100110110101111010001110111110011000100001000101110011
01100101111000011001001000001101011100001000011010100000111001100100011111100101111011111100111011101011100111000101101100110110000101101001110010010100011001111011111011000000110110110100001101110001
11000010000011001101110100100010011010111110100010101011111101011001110101010011001110101011001101011100101111000110011000111010101100111111100011000101001001000100101001001100100001010111100010111110
00001100110100001000010010011110000011011010010010111011010100111001110000000111000111000110101111001101111010001110000110001110111101101011000010110111011100010101010011101100001001011101110001000100
01011110010110100011111101000000001001001100111110001000111010001101010011010110111011101100000110111111000011011011011001000001010011011111000011100001111101010101111010110100001101110000100100011101
11101000111101001111010001001001110000100001111100011101010000101110101111111000110011101010001010100001111000110111110110000001100110010000011111110100101000111111111000001010110000010100010010011111
11010001011111011011000011101000101000001110010001001100010100111010000000001101101000010011111101011001000100001100111100100111110000010011011101100111010110100001000000010100001001101111001101100101
01011100011011001010001000111010101010110000100011110111011001101000111000010011100001110000101011010110101100000011011110001110000000101010110111110010111100101011010100010101101111110101000100101000
01011101000100101110011000001100110101010110110110000111110001101011011001000011011001010111001011101101000110111011111001001100011111000011001011110110001100000110100001101010110110110001100000111101
11100001111011010111101101000111010001000100111001110101100100001010010110010010100000110011111110111110011111011011110010110110001000100110010100010001101111100001110001011111000011110101101011111010
00111011101001011111111011010000111111011111000010101010011111010001100011000010101010001010111000110000011101011110110001100101001001000000110000111100101001001110111000001000101101000011110111011010
00110000111110111100011111011100001111011100000010001010011110110101000000111010010100010101100111100110001101010110010010111110110100101011111000010000110011111011111111011100110111110111110001000101
00010100110010011010001011011111010001001000100000100010000100010011011101010001101111001111001110110000010100011000100110111001110101110111101001011000101110000100001111101110000100000110110110010001
10101100000110110111000001100000000110011000101100101011110001110001100010110011111001000010000001100001000100101001101101110110010110001110110101001111001110100000101111111010110100011000011010101000
10100010001110110100010111100010110010111010001001001001101010001001001101010101000010100011001101010010010011101010001001100010101101111011001110011110110011011101111101110010000001100001010001001011
11101101000110011111000100001010110011001100011011100001101011111000011001110101000010111111000110100110011010111001101100101001000101100000101001000111010100000100111010110010011001001100101010100010
01001110101000011001110101100110010000100100000000000101011011000011110100111001100011010010110010001011001100111101111100101110110111101011101001010100110110010100010000000001100101011111110101111001
11001000010010100001110100000001011100111100100011001011101011010111010010111101111000000000010001010101011010000010110001100110111111010100100001010000010001101010111111011011111011000110000100011101
10000010100001001111110010010101111101001011011011111100000101010010011011100110000000101100001110100011110110001110100111100010010100000100110010111000110111100110011011101101001000101111101011100000
11111001101101000010111110011010011010111001000101111101010010011010010100110010101000011000000001000100100011100001110001110010000100010101010010100100100110000000100100010000000110101101100001111101
01100010110100011101011100110010110011110011111110110100110110011010111111001101100100100010111111000011011001101100000011011010001001110101011010000011101011110011010010100110001100101110010000000010
